1 0.1854575163398693 0.4316702819956616 0.04084967320261438 0.2039045553145336
1 0.3227124183006536 0.32537960954446854 0.06372549019607843 0.23427331887201736
1 0.37336601307189543 0.4891540130151844 0.04738562091503268 0.21908893709327548
1 0.4812091503267974 0.42516268980477223 0.05718954248366013 0.21258134490238612
1 0.6952614379084967 0.16377440347071584 0.06372549019607843 0.3275488069414317
1 0.8839869281045751 0.1648590021691974 0.049019607843137254 0.26898047722342733
1 0.7491830065359477 0.3557483731019523 0.03758169934640523 0.2039045553145336
1 0.5980392156862745 0.2646420824295011 0.049019607843137254 0.2386117136659436
1 0.5629084967320261 0.4522776572668113 0.08333333333333333 0.175704989154013
1 0.119281045751634 0.2472885032537961 0.10457516339869281 0.2603036876355748
